3633361848
6245056576
3899995443
4692887492
9607466522
3104431986
2954077062
3848090882
7602942700
5819205245
4155832462
8742715543
9728281165
8714300874
2999626643
5915916947
6436359461
6849945428
7273867740
6906547432
2132957103
9337009486
6806390437
8019554573
2352662277
9817455365
3346459050
4327047276
4554455744
5087390095
3272034550
6723800350
7222349655
9266157068
2783436667
6304605298
8922437403
6476768566
5144452331
2209958748
5065213198
7119306478
8556336062
4416838474
4166396016
2632824990
9265542960
8004613379
4495163042
4236933576
6549120141
6487299003
5827295332
5616824270
8813866833
8116229783
9183051937
4634405219
9559232942
7529515726
2879548573
6069804474
7268003247
3579482244
6097647363
3476638190
7475764826
9676900153
8572604308
2703375349
9435705733
5929660055
5846016616
5222190823
2772673049
4589050541
3178609519
8609642962
4789503893
9732751636
9673506484
6867861264
7506261228
5783447931
3376431182
4767536709
9017294144
8396521865
2485183091
7045522439
2385837781
9214237211
2414783495
2499027479
3939222094
7516097427
8748325632
2817117144
8937254746
3169386600
6888372872
7677163807
7658922963
7455063345
7148018405
5857350376
5178608845
5246832271
4044888138
2693623124
6739996120
5724099737
6254081706
8468735363
5237109969
3325771588
7075310778
7839952182
4014512303
7049613738
2058908822
9018993847
9918935619
5415521491
7357268952
4538764534
9702720258
7039766738
2029623577
8947114207
7849058342
3273503562
6725233051
3069924220
9219462717
4842810953
9648120585
6282414216
4374887851
7779838842
4234676790
4474490432
3928144712
6166382612
7309990746
5704830127
4296403264
4722717396
5886108732
2702171796
9584913482
7063102970
3449962469
3226689255
8578277695
3949146757
8577171762
8083523379
6619934802
5943053784
2146933416
2388342273
8896313882
5376528749
4602218451
4224408471
8088271583
4558228300
2628282924
2719288782
9647026814
2352179973
6547695391
6772397363
7333755726
5778622667
3969668099
4452109426
6276663262
5406199156
9582268728
7835722697
5884576107
2327297929
2319400570
8794416824
2349204063
8534803845
8077656850
3556334783
5559041862
3323025679
7235530976
4738723323
5613183206
8296585386
5623688210
4516746738
5528158132
4843220424